{"nbformat":4,"nbformat_minor":0,"metadata":{"colab":{"name":"5.LDA/QDA/NB.ipynb","provenance":[],"collapsed_sections":[],"authorship_tag":"ABX9TyOVU3UFuoHSCGMLNMzDUk/w"},"kernelspec":{"name":"python3","display_name":"Python 3"}},"cells":[{"cell_type":"code","metadata":{"id":"A9QXxChHxrt0"},"source":["import pandas as pd\n","import numpy as np\n","from sklearn.discriminant_analysis import LinearDiscriminantAnalysis, QuadraticDiscriminantAnalysis\n","from sklearn.metrics import confusion_matrix, accuracy_score\n","from sklearn.naive_bayes import GaussianNB,  MultinomialNB"],"execution_count":null,"outputs":[]},{"cell_type":"code","metadata":{"id":"7GTJWJvDyXI1","colab":{"base_uri":"https://localhost:8080/","height":35},"executionInfo":{"status":"ok","timestamp":1602546349472,"user_tz":-540,"elapsed":2331,"user":{"displayName":"‍이노아[ 학부재학 / 통계학과 ]","photoUrl":"","userId":"12005920549152507828"}},"outputId":"b31d2123-6d1d-4134-bebf-0962235ab74e"},"source":["# 데이터 불러오기. y값은 이미 범주형으로 되어있음.\n","dat_wine=pd.read_csv('http://archive.ics.uci.edu/ml/machine-learning-databases/'\n","                     'wine/wine.data',header=None)\n","dat_wine.head()\n","dat_wine.columns = ['class label', 'alchohol', 'malic acid', 'ash', \n","                    'alcalinity of ash', 'magnesium', 'total phenols', \n","                    'flavanoids', 'nonflavanoid phenols', \n","                    'proanthocyanins', 'color intensity', 'hue', \n","                    'OD208', 'proline']  # Column names\n","print('class label:', np.unique(dat_wine['class label']))  # Class 출력\n","\n","# 전체 data를 training set과 test set으로 split\n","from sklearn.model_selection import train_test_split\n","X, y = dat_wine.iloc[:,1:].values, dat_wine.iloc[:,0].values\n","X_train, X_test, y_train,y_test = \\\n","    train_test_split(X, y, test_size=0.3, random_state=1, stratify=y)"],"execution_count":null,"outputs":[{"output_type":"stream","text":["class label: [1 2 3]\n"],"name":"stdout"}]},{"cell_type":"code","metadata":{"id":"7m2zvTg5xW9K","colab":{"base_uri":"https://localhost:8080/","height":35},"executionInfo":{"status":"ok","timestamp":1602546349494,"user_tz":-540,"elapsed":2333,"user":{"displayName":"‍이노아[ 학부재학 / 통계학과 ]","photoUrl":"","userId":"12005920549152507828"}},"outputId":"c9be41fa-cc1c-4cea-bf92-67e98e86fe52"},"source":["X.shape, y.shape, X_test.shape"],"execution_count":null,"outputs":[{"output_type":"execute_result","data":{"text/plain":["((178, 13), (178,), (54, 13))"]},"metadata":{"tags":[]},"execution_count":16}]},{"cell_type":"code","metadata":{"id":"KWndeS-EyXQp","colab":{"base_uri":"https://localhost:8080/","height":54},"executionInfo":{"status":"ok","timestamp":1602546349498,"user_tz":-540,"elapsed":2315,"user":{"displayName":"‍이노아[ 학부재학 / 통계학과 ]","photoUrl":"","userId":"12005920549152507828"}},"outputId":"a7a7199c-4645-4bc2-fc58-b6445403fb84"},"source":["\n","cld=LinearDiscriminantAnalysis(store_covariance=True)\n","cld.fit(X_train, y_train)\n","y_train_pred_lda=cld.predict(X_train)\n","y_test_pred_lda=cld.predict(X_test)\n","\n","# LDA 적합\n","print('LDA train accuracy:',np.around(\n","    accuracy_score(y_train, y_train_pred_lda), 2))\n","print('LDA test accuracy:',np.around(\n","    accuracy_score(y_test, y_test_pred_lda), 2))"],"execution_count":null,"outputs":[{"output_type":"stream","text":["LDA train accuracy: 1.0\n","LDA test accuracy: 0.98\n"],"name":"stdout"}]},{"cell_type":"code","metadata":{"id":"hMF_0Ag1yXGk","colab":{"base_uri":"https://localhost:8080/","height":54},"executionInfo":{"status":"ok","timestamp":1602546349503,"user_tz":-540,"elapsed":2294,"user":{"displayName":"‍이노아[ 학부재학 / 통계학과 ]","photoUrl":"","userId":"12005920549152507828"}},"outputId":"4e07fb51-5e7b-4a8a-e720-884f143a44d4"},"source":["cqd=QuadraticDiscriminantAnalysis(store_covariance=True)\n","cqd.fit(X_train, y_train)\n","y_train_pred_qda=cqd.predict(X_train)\n","y_test_pred_qda=cqd.predict(X_test)\n","\n","\n","# QDA 적합\n","print('QDA train accuracy:',np.around(\n","    accuracy_score(y_train, y_train_pred_qda), 2))\n","print('QDA test accuracy:',np.around(\n","    accuracy_score(y_test, y_test_pred_qda), 2))"],"execution_count":null,"outputs":[{"output_type":"stream","text":["QDA train accuracy: 1.0\n","QDA test accuracy: 0.96\n"],"name":"stdout"}]},{"cell_type":"code","metadata":{"id":"ISGJai_UuOh8","colab":{"base_uri":"https://localhost:8080/","height":54},"executionInfo":{"status":"ok","timestamp":1602546349507,"user_tz":-540,"elapsed":2232,"user":{"displayName":"‍이노아[ 학부재학 / 통계학과 ]","photoUrl":"","userId":"12005920549152507828"}},"outputId":"af4a7859-7c8d-4eb2-a1dc-8a9588775b07"},"source":["\n","gnb=GaussianNB()\n","gnb.fit(X_train, y_train)\n","y_train_pred_gnb=gnb.predict(X_train)\n","y_test_pred_gnb=gnb.predict(X_test)\n","\n","# Gaussian NB 적합\n","print('Gaussian NB train accuracy:',np.around(\n","    accuracy_score(y_train, y_train_pred_gnb), 2))\n","print('Gaussian NB test accuracy:',np.around(\n","    accuracy_score(y_test, y_test_pred_gnb), 2))"],"execution_count":null,"outputs":[{"output_type":"stream","text":["Gaussian NB train accuracy: 0.99\n","Gaussian NB test accuracy: 0.98\n"],"name":"stdout"}]},{"cell_type":"code","metadata":{"id":"VpyCr0SHudZP","colab":{"base_uri":"https://localhost:8080/","height":54},"executionInfo":{"status":"ok","timestamp":1602546349510,"user_tz":-540,"elapsed":2209,"user":{"displayName":"‍이노아[ 학부재학 / 통계학과 ]","photoUrl":"","userId":"12005920549152507828"}},"outputId":"61b6fa8e-ac4a-4916-a70a-a329e1e80eb8"},"source":["\n","mnb=MultinomialNB()\n","mnb.fit(X_train, y_train)\n","y_train_pred_mnb=mnb.predict(X_train)\n","y_test_pred_mnb=mnb.predict(X_test)\n","\n","\n","# Multinomial NB 적합\n","print('Multi NB train accuracy:',np.around(\n","    accuracy_score(y_train, y_train_pred_mnb), 2))\n","print('Multi NB test accuracy:',np.around(\n","    accuracy_score(y_test, y_test_pred_mnb), 2))"],"execution_count":null,"outputs":[{"output_type":"stream","text":["Multi NB train accuracy: 0.85\n","Multi NB test accuracy: 0.74\n"],"name":"stdout"}]},{"cell_type":"code","metadata":{"id":"RLrgQs-10WJe","colab":{"base_uri":"https://localhost:8080/","height":126},"executionInfo":{"status":"ok","timestamp":1602546349514,"user_tz":-540,"elapsed":2198,"user":{"displayName":"‍이노아[ 학부재학 / 통계학과 ]","photoUrl":"","userId":"12005920549152507828"}},"outputId":"034817bb-06a4-40a1-e3a0-f94e0d7dc28c"},"source":["print(y_test_pred_lda[:5])\n","cld.predict_proba(X_test)[:5]"],"execution_count":null,"outputs":[{"output_type":"stream","text":["[3 3 3 2 2]\n"],"name":"stdout"},{"output_type":"execute_result","data":{"text/plain":["array([[4.82027630e-11, 9.53699966e-06, 9.99990463e-01],\n","       [4.16120014e-19, 1.20023483e-09, 9.99999999e-01],\n","       [4.13851085e-15, 2.75591141e-12, 1.00000000e+00],\n","       [7.51250315e-05, 9.99924835e-01, 3.97700359e-08],\n","       [5.24688464e-07, 9.99999475e-01, 9.27968095e-16]])"]},"metadata":{"tags":[]},"execution_count":21}]},{"cell_type":"code","metadata":{"id":"Umhc9uyAyXON","colab":{"base_uri":"https://localhost:8080/","height":1000},"executionInfo":{"status":"ok","timestamp":1602546349520,"user_tz":-540,"elapsed":2185,"user":{"displayName":"‍이노아[ 학부재학 / 통계학과 ]","photoUrl":"","userId":"12005920549152507828"}},"outputId":"a0c45a69-8e4f-485e-c143-1396c1295445"},"source":["print(cld.covariance_)\n","print(cld.coef_)"],"execution_count":null,"outputs":[{"output_type":"stream","text":["[[ 2.41615068e-01  3.84592439e-02 -5.24867188e-03 -2.30283993e-03\n","  -7.86881482e-02  1.11713745e-02  1.33361710e-02 -4.67113583e-04\n","   1.07053192e-02  1.77454884e-01  4.91173257e-04 -1.62968428e-02\n","   8.54595097e+00]\n"," [ 3.84592439e-02  8.32381396e-01  2.83227199e-02  4.00338741e-01\n","  -5.87202072e-01 -9.42715080e-03 -9.52135930e-03  7.35759507e-03\n","   4.69856098e-02 -1.45330075e-01 -4.62261537e-02  5.60318655e-02\n","  -2.84926307e+01]\n"," [-5.24867188e-03  2.83227199e-02  6.80395376e-02  4.91619869e-01\n","   5.99821043e-01  2.86110643e-02  5.76375339e-02  7.22680996e-03\n","   4.46800139e-03  5.20767053e-02  3.63662334e-03  2.06618862e-02\n","  -5.77687326e-02]\n"," [-2.30283993e-03  4.00338741e-01  4.91619869e-01  8.43814527e+00\n","   4.38952042e+00  1.97406921e-01  4.41501428e-01  4.11469745e-02\n","   1.66482453e-01  5.67441496e-02  9.41799084e-04  3.51744582e-01\n","   4.43128671e+00]\n"," [-7.86881482e-02 -5.87202072e-01  5.99821043e-01  4.38952042e+00\n","   1.48134957e+02  8.43279534e-01  1.38061621e+00 -3.28155413e-01\n","   5.56857342e-01  3.61988954e+00  1.89694578e-01  9.87314927e-03\n","   3.46630273e+02]\n"," [ 1.11713745e-02 -9.42715080e-03  2.86110643e-02  1.97406921e-01\n","   8.43279534e-01  1.86017812e-01  1.59137286e-01 -7.54268984e-03\n","   8.76585132e-02  1.57237918e-01  3.01625786e-03  6.87287078e-02\n","   8.58775339e+00]\n"," [ 1.33361710e-02 -9.52135930e-03  5.76375339e-02  4.41501428e-01\n","   1.38061621e+00  1.59137286e-01  2.85851003e-01 -1.42042366e-02\n","   1.24633279e-01  3.07526201e-01 -4.07281848e-03  7.69702126e-02\n","   6.35732567e+00]\n"," [-4.67113583e-04  7.35759507e-03  7.22680996e-03  4.11469745e-02\n","  -3.28155413e-01 -7.54268984e-03 -1.42042366e-02  1.25695933e-02\n","  -9.75257135e-03  2.78652981e-03  9.21402904e-04 -1.28671025e-02\n","   3.05100923e-01]\n"," [ 1.07053192e-02  4.69856098e-02  4.46800139e-03  1.66482453e-01\n","   5.56857342e-01  8.76585132e-02  1.24633279e-01 -9.75257135e-03\n","   2.19942385e-01  2.02321870e-01 -7.37348548e-03  5.10961811e-02\n","   1.14237062e+01]\n"," [ 1.77454884e-01 -1.45330075e-01  5.20767053e-02  5.67441496e-02\n","   3.61988954e+00  1.57237918e-01  3.07526201e-01  2.78652981e-03\n","   2.02321870e-01  2.19148052e+00 -3.74886460e-02 -1.11019913e-01\n","   7.34130119e+01]\n"," [ 4.91173257e-04 -4.62261537e-02  3.63662334e-03  9.41799084e-04\n","   1.89694578e-01  3.01625786e-03 -4.07281848e-03  9.21402904e-04\n","  -7.37348548e-03 -3.74886460e-02  2.56624608e-02 -3.25483251e-03\n","   3.92341042e+00]\n"," [-1.62968428e-02  5.60318655e-02  2.06618862e-02  3.51744582e-01\n","   9.87314927e-03  6.87287078e-02  7.69702126e-02 -1.28671025e-02\n","   5.10961811e-02 -1.11019913e-01 -3.25483251e-03  1.68851503e-01\n","  -9.00799874e+00]\n"," [ 8.54595097e+00 -2.84926307e+01 -5.77687326e-02  4.43128671e+00\n","   3.46630273e+02  8.58775339e+00  6.35732567e+00  3.05100923e-01\n","   1.14237062e+01  7.34130119e+01  3.92341042e+00 -9.00799874e+00\n","   2.91865283e+04]]\n","[[ 3.31363106e+00 -1.50074077e-01  3.52564251e+00 -8.89161617e-01\n","   1.52342343e-02 -2.17293267e+00  5.03235438e+00  3.12123703e+00\n","  -6.92880046e-01 -8.98897257e-01  1.13259908e+00  4.18153518e+00\n","   1.45033209e-02]\n"," [-2.46059543e+00 -5.42764250e-01 -5.84259880e+00  3.74068465e-01\n","  -7.58334217e-03 -6.65402628e-01  2.13832396e+00  5.34725357e+00\n","   4.54059921e-01 -5.81709854e-01  3.80466959e+00 -3.06608438e-01\n","  -7.64653043e-03]\n"," [-3.88760666e-01  1.00882575e+00  4.47207870e+00  5.37945547e-01\n","  -7.43746969e-03  3.70789002e+00 -9.49220387e+00 -1.19797999e+01\n","   1.72881390e-01  1.99819031e+00 -7.17181945e+00 -4.73068243e+00\n","  -6.43362530e-03]]\n"],"name":"stdout"}]},{"cell_type":"code","metadata":{"id":"_tMB1AhvyXMT","colab":{"base_uri":"https://localhost:8080/","height":435},"executionInfo":{"status":"ok","timestamp":1602547593596,"user_tz":-540,"elapsed":753,"user":{"displayName":"‍이노아[ 학부재학 / 통계학과 ]","photoUrl":"","userId":"12005920549152507828"}},"outputId":"2ce58430-2e56-4d24-96cc-375d3d18198b"},"source":["print(np.around(cld.coef_,3))\n","dat_wine.median()[1:]"],"execution_count":null,"outputs":[{"output_type":"stream","text":["[[ 3.314e+00 -1.500e-01  3.526e+00 -8.890e-01  1.500e-02 -2.173e+00\n","   5.032e+00  3.121e+00 -6.930e-01 -8.990e-01  1.133e+00  4.182e+00\n","   1.500e-02]\n"," [-2.461e+00 -5.430e-01 -5.843e+00  3.740e-01 -8.000e-03 -6.650e-01\n","   2.138e+00  5.347e+00  4.540e-01 -5.820e-01  3.805e+00 -3.070e-01\n","  -8.000e-03]\n"," [-3.890e-01  1.009e+00  4.472e+00  5.380e-01 -7.000e-03  3.708e+00\n","  -9.492e+00 -1.198e+01  1.730e-01  1.998e+00 -7.172e+00 -4.731e+00\n","  -6.000e-03]]\n"],"name":"stdout"},{"output_type":"execute_result","data":{"text/plain":["alchohol                 13.050\n","malic acid                1.865\n","ash                       2.360\n","alcalinity of ash        19.500\n","magnesium                98.000\n","total phenols             2.355\n","flavanoids                2.135\n","nonflavanoid phenols      0.340\n","proanthocyanins           1.555\n","color intensity           4.690\n","hue                       0.965\n","OD208                     2.780\n","proline                 673.500\n","dtype: float64"]},"metadata":{"tags":[]},"execution_count":33}]},{"cell_type":"code","metadata":{"id":"QwyZWZyKyXEO","colab":{"base_uri":"https://localhost:8080/","height":963},"executionInfo":{"status":"ok","timestamp":1602546349530,"user_tz":-540,"elapsed":2088,"user":{"displayName":"‍이노아[ 학부재학 / 통계학과 ]","photoUrl":"","userId":"12005920549152507828"}},"outputId":"7038be57-b20e-45a4-b94d-49acd1fcdac4"},"source":["print(cld.covariance_)"],"execution_count":null,"outputs":[{"output_type":"stream","text":["[[ 2.41615068e-01  3.84592439e-02 -5.24867188e-03 -2.30283993e-03\n","  -7.86881482e-02  1.11713745e-02  1.33361710e-02 -4.67113583e-04\n","   1.07053192e-02  1.77454884e-01  4.91173257e-04 -1.62968428e-02\n","   8.54595097e+00]\n"," [ 3.84592439e-02  8.32381396e-01  2.83227199e-02  4.00338741e-01\n","  -5.87202072e-01 -9.42715080e-03 -9.52135930e-03  7.35759507e-03\n","   4.69856098e-02 -1.45330075e-01 -4.62261537e-02  5.60318655e-02\n","  -2.84926307e+01]\n"," [-5.24867188e-03  2.83227199e-02  6.80395376e-02  4.91619869e-01\n","   5.99821043e-01  2.86110643e-02  5.76375339e-02  7.22680996e-03\n","   4.46800139e-03  5.20767053e-02  3.63662334e-03  2.06618862e-02\n","  -5.77687326e-02]\n"," [-2.30283993e-03  4.00338741e-01  4.91619869e-01  8.43814527e+00\n","   4.38952042e+00  1.97406921e-01  4.41501428e-01  4.11469745e-02\n","   1.66482453e-01  5.67441496e-02  9.41799084e-04  3.51744582e-01\n","   4.43128671e+00]\n"," [-7.86881482e-02 -5.87202072e-01  5.99821043e-01  4.38952042e+00\n","   1.48134957e+02  8.43279534e-01  1.38061621e+00 -3.28155413e-01\n","   5.56857342e-01  3.61988954e+00  1.89694578e-01  9.87314927e-03\n","   3.46630273e+02]\n"," [ 1.11713745e-02 -9.42715080e-03  2.86110643e-02  1.97406921e-01\n","   8.43279534e-01  1.86017812e-01  1.59137286e-01 -7.54268984e-03\n","   8.76585132e-02  1.57237918e-01  3.01625786e-03  6.87287078e-02\n","   8.58775339e+00]\n"," [ 1.33361710e-02 -9.52135930e-03  5.76375339e-02  4.41501428e-01\n","   1.38061621e+00  1.59137286e-01  2.85851003e-01 -1.42042366e-02\n","   1.24633279e-01  3.07526201e-01 -4.07281848e-03  7.69702126e-02\n","   6.35732567e+00]\n"," [-4.67113583e-04  7.35759507e-03  7.22680996e-03  4.11469745e-02\n","  -3.28155413e-01 -7.54268984e-03 -1.42042366e-02  1.25695933e-02\n","  -9.75257135e-03  2.78652981e-03  9.21402904e-04 -1.28671025e-02\n","   3.05100923e-01]\n"," [ 1.07053192e-02  4.69856098e-02  4.46800139e-03  1.66482453e-01\n","   5.56857342e-01  8.76585132e-02  1.24633279e-01 -9.75257135e-03\n","   2.19942385e-01  2.02321870e-01 -7.37348548e-03  5.10961811e-02\n","   1.14237062e+01]\n"," [ 1.77454884e-01 -1.45330075e-01  5.20767053e-02  5.67441496e-02\n","   3.61988954e+00  1.57237918e-01  3.07526201e-01  2.78652981e-03\n","   2.02321870e-01  2.19148052e+00 -3.74886460e-02 -1.11019913e-01\n","   7.34130119e+01]\n"," [ 4.91173257e-04 -4.62261537e-02  3.63662334e-03  9.41799084e-04\n","   1.89694578e-01  3.01625786e-03 -4.07281848e-03  9.21402904e-04\n","  -7.37348548e-03 -3.74886460e-02  2.56624608e-02 -3.25483251e-03\n","   3.92341042e+00]\n"," [-1.62968428e-02  5.60318655e-02  2.06618862e-02  3.51744582e-01\n","   9.87314927e-03  6.87287078e-02  7.69702126e-02 -1.28671025e-02\n","   5.10961811e-02 -1.11019913e-01 -3.25483251e-03  1.68851503e-01\n","  -9.00799874e+00]\n"," [ 8.54595097e+00 -2.84926307e+01 -5.77687326e-02  4.43128671e+00\n","   3.46630273e+02  8.58775339e+00  6.35732567e+00  3.05100923e-01\n","   1.14237062e+01  7.34130119e+01  3.92341042e+00 -9.00799874e+00\n","   2.91865283e+04]]\n"],"name":"stdout"}]},{"cell_type":"code","metadata":{"id":"qv2R9oNaudWM","colab":{"base_uri":"https://localhost:8080/","height":72},"executionInfo":{"status":"ok","timestamp":1602546349534,"user_tz":-540,"elapsed":2076,"user":{"displayName":"‍이노아[ 학부재학 / 통계학과 ]","photoUrl":"","userId":"12005920549152507828"}},"outputId":"2cb5a986-d545-4206-a508-97502371d369"},"source":["print(cld.covariance_.shape)\n","print(len(cqd.covariance_))\n","print(cqd.covariance_[0].shape)"],"execution_count":null,"outputs":[{"output_type":"stream","text":["(13, 13)\n","3\n","(13, 13)\n"],"name":"stdout"}]},{"cell_type":"code","metadata":{"id":"2AL3ZeC25ubZ","colab":{"base_uri":"https://localhost:8080/","height":1000},"executionInfo":{"status":"ok","timestamp":1602546349540,"user_tz":-540,"elapsed":2065,"user":{"displayName":"‍이노아[ 학부재학 / 통계학과 ]","photoUrl":"","userId":"12005920549152507828"}},"outputId":"f9e780d5-cd4f-420f-b8f2-e6c1995ac3c3"},"source":["cqd.covariance_[0] - cqd.covariance_[2]"],"execution_count":null,"outputs":[{"output_type":"execute_result","data":{"text/plain":["array([[-5.93640133e-02, -1.67088994e-01, -2.50573919e-02,\n","        -5.22759895e-01,  1.40094401e+00,  7.43178950e-02,\n","         1.04977907e-01, -7.14904379e-04,  2.93373531e-02,\n","         5.30392614e-02,  1.00917503e-02,  1.42653271e-03,\n","         5.14974200e+01],\n","       [-1.67088994e-01, -7.89484472e-01, -5.95489329e-03,\n","        -7.33706402e-01,  3.19822358e+00,  3.95807825e-02,\n","         4.71497612e-02, -3.09847053e-02,  6.55050152e-02,\n","        -5.71270833e-02, -2.27635366e-02,  4.55326829e-02,\n","        -3.43030701e+01],\n","       [-2.50573919e-02, -5.95489329e-03,  1.46049030e-02,\n","        -1.47130543e-01,  2.68673642e-01, -2.57607871e-02,\n","        -2.16981541e-02,  7.34601996e-03, -3.36724002e-02,\n","        -1.50652670e-01,  3.57866962e-03, -8.31885948e-03,\n","        -1.84337375e+00],\n","       [-5.22759895e-01, -7.33706402e-01, -1.47130543e-01,\n","         3.90843958e-01, -3.30702605e-01, -4.76028908e-01,\n","        -4.86320413e-01,  2.06234618e-02, -4.27495191e-01,\n","        -1.52334545e+00,  2.26212999e-02, -8.75303631e-02,\n","        -4.03312680e+01],\n","       [ 1.40094401e+00,  3.19822358e+00,  2.68673642e-01,\n","        -3.30702605e-01, -4.60543607e+01,  1.46125065e+00,\n","        -1.84146249e+00,  1.01580345e+00, -1.12012860e+00,\n","        -3.10257197e+00, -6.39311253e-02,  7.64752217e-01,\n","        -6.14751608e+02],\n","       [ 7.43178950e-02,  3.95807825e-02, -2.57607871e-02,\n","        -4.76028908e-01,  1.46125065e+00,  2.79543034e-02,\n","         1.07026472e-01, -1.47277476e-02,  2.79834534e-03,\n","         1.85242254e-01, -1.55454379e-02, -1.35572991e-02,\n","         2.78732137e+01],\n","       [ 1.04977907e-01,  4.71497612e-02, -2.16981541e-02,\n","        -4.86320413e-01, -1.84146249e+00,  1.07026472e-01,\n","         8.43241371e-02,  2.42306393e-02,  6.13240299e-02,\n","         1.63653845e-01,  1.19452259e-02,  1.85979047e-02,\n","         5.35080191e+01],\n","       [-7.14904379e-04, -3.09847053e-02,  7.34601996e-03,\n","         2.06234618e-02,  1.01580345e+00, -1.47277476e-02,\n","         2.42306393e-02, -1.16477836e-02, -1.62712098e-02,\n","        -4.89842803e-03,  1.99300582e-03, -1.67171882e-02,\n","        -2.24349169e+00],\n","       [ 2.93373531e-02,  6.55050152e-02, -3.36724002e-02,\n","        -4.27495191e-01, -1.12012860e+00,  2.79834534e-03,\n","         6.13240299e-02, -1.62712098e-02,  6.74658259e-02,\n","        -2.55068807e-01,  2.35394041e-02,  1.37403090e-02,\n","         1.47631666e+01],\n","       [ 5.30392614e-02, -5.71270833e-02, -1.50652670e-01,\n","        -1.52334545e+00, -3.10257197e+00,  1.85242254e-01,\n","         1.63653845e-01, -4.89842803e-03, -2.55068807e-01,\n","        -3.17409144e+00,  1.40762216e-01, -1.71585227e-02,\n","         1.53961898e+02],\n","       [ 1.00917503e-02, -2.27635366e-02,  3.57866962e-03,\n","         2.26212999e-02, -6.39311253e-02, -1.55454379e-02,\n","         1.19452259e-02,  1.99300582e-03,  2.35394041e-02,\n","         1.40762216e-01,  2.53361973e-04, -2.46282871e-02,\n","         9.74657068e+00],\n","       [ 1.42653271e-03,  4.55326829e-02, -8.31885948e-03,\n","        -8.75303631e-02,  7.64752217e-01, -1.35572991e-02,\n","         1.85979047e-02, -1.67171882e-02,  1.37403090e-02,\n","        -1.71585227e-02, -2.46282871e-02,  4.83083675e-02,\n","        -3.66497852e+01],\n","       [ 5.14974200e+01, -3.43030701e+01, -1.84337375e+00,\n","        -4.03312680e+01, -6.14751608e+02,  2.78732137e+01,\n","         5.35080191e+01, -2.24349169e+00,  1.47631666e+01,\n","         1.53961898e+02,  9.74657068e+00, -3.66497852e+01,\n","         3.69378599e+04]])"]},"metadata":{"tags":[]},"execution_count":26}]},{"cell_type":"code","metadata":{"id":"dThQ3c-X7PA6"},"source":[""],"execution_count":null,"outputs":[]}]}